================== brainit ==================

(7.80000,0.00000) (7.80100,0.00000) (7.81100,0.00000) (7.83100,0.00000) (7.85100,0.00000) (7.87100,0.00000) (7.89100,0.00000) (7.91100,0.00000) (7.93100,0.00000) (7.95100,0.00000) (7.97100,0.00000) (7.99100,0.00000) (8.00110,0.00000) (8.01100,0.00000) (8.03100,0.00000) (8.05100,0.00000) 

================== bra_hex_up ==================

(8.00110,0.00000) (8.00135,0.00025) (8.00908,0.00960) (8.01006,0.01109) (8.01105,0.01259) (8.01204,0.01430) (8.01303,0.01577) (8.01401,0.01724) (8.01599,0.02019) (8.01797,0.02313) (8.01994,0.02608) (8.02192,0.02904) (8.02389,0.03201) (8.02784,0.03795) (8.03179,0.04393) (8.03575,0.04993) (8.03970,0.05597) (8.04365,0.06203) (8.05155,0.07424) (8.05944,0.08659) (8.06734,0.09906) (8.07524,0.11168) (8.08313,0.12444) (8.09891,0.15035) (8.11468,0.17689) (8.13045,0.20412) (8.14622,0.23205) (8.16199,0.26077) (8.17770,0.29023) (8.19340,0.32062) (8.20911,0.35203) (8.22482,0.38455) (8.24052,0.41835) (8.25611,0.45330) (8.27170,0.48986) (8.28729,0.52825) (8.30288,0.56881) (8.31847,0.61197) (8.33379,0.65746) (8.34911,0.70685) (8.36443,0.76139) (8.37975,0.82324) (8.39507,0.89678) (8.40900,0.98346) (8.41110,0.99967) (8.41319,1.01727) (8.41529,1.03681) (8.41739,1.05905) (8.41948,1.08565) (8.42244,1.14271) (8.42325,1.19181) (8.42325,1.19309) (8.42223,1.24618) (8.42211,1.24918) (8.41802,1.31393) (8.41678,1.32744) (8.41464,1.34783) (8.41127,1.37529) (8.40789,1.39894) (8.40352,1.42574) (8.39914,1.44952) (8.39477,1.47109) (8.39040,1.49093) (8.38603,1.50939) (8.37625,1.54673) (8.36648,1.57993) (8.35670,1.61004) (8.34692,1.63770) (8.33715,1.66338) (8.31657,1.71227) (8.29599,1.75576) (8.27541,1.79509) (8.25483,1.83110) (8.23426,1.86437) (8.21323,1.89600) (8.19220,1.92555) (8.17118,1.95332) (8.15015,1.97952) (8.12912,2.00432) (8.10796,2.02801) (8.08681,2.05056) (8.06565,2.07207) (8.04449,2.09264) (8.02333,2.11233) (8.00212,2.13128) (7.98090,2.14948) (7.95968,2.16698) (7.93847,2.18385) (7.91725,2.20010) (7.89600,2.21582) (7.87475,2.23100) (7.85350,2.24568) (7.83225,2.25988) (7.81101,2.27364) (7.78974,2.28698) (7.76847,2.29992) (7.74720,2.31247) (7.72593,2.32465) (7.70466,2.33648) (7.68338,2.34798) (7.66210,2.35917) (7.64082,2.37004) (7.61954,2.38062) (7.59825,2.39092) (7.57696,2.40094) (7.55567,2.41071) (7.53438,2.42022) (7.51309,2.42948) (7.49180,2.43851) (7.47050,2.44731) (7.44920,2.45590) (7.42790,2.46426) (7.40661,2.47242) (7.38531,2.48038) (7.36400,2.48814) (7.34270,2.49571) (7.32140,2.50310) (7.30010,2.51030) (7.27879,2.51733) (7.25748,2.52419) (7.23618,2.53088) (7.21487,2.53741) (7.19356,2.54377) (7.17226,2.54998) (7.15095,2.55604) (7.12963,2.56195) (7.10832,2.56771) (7.08701,2.57332) (7.06570,2.57879) (7.04439,2.58413) (7.02308,2.58933) (7.00176,2.59439) (6.98045,2.59932) (6.95914,2.60412) (6.93782,2.60879) (6.91651,2.61334) (6.89519,2.61776) (6.87388,2.62206) (6.85256,2.62623) (6.83124,2.63029) (6.80993,2.63422) (6.78861,2.63804) (6.76729,2.64174) (6.74598,2.64533) (6.72466,2.64880) (6.70334,2.65215) (6.68202,2.65540) (6.66070,2.65853) (6.63938,2.66155) (6.61806,2.66446) (6.59674,2.66725) (6.57543,2.66994) (6.55411,2.67252) (6.53279,2.67499) (6.51147,2.67735) (6.49014,2.67961) (6.46882,2.68175) (6.44750,2.68379) (6.42618,2.68571) (6.40486,2.68753) (6.38354,2.68924) (6.36222,2.69084) (6.34090,2.69234) (6.31957,2.69372) (6.29825,2.69499) (6.27693,2.69616) (6.25561,2.69721) (6.23429,2.69815) (6.21296,2.69898) (6.19164,2.69970) (6.17032,2.70030) (6.14900,2.70079) (6.12767,2.70116) (6.10635,2.70141) (6.08503,2.70155) (6.06371,2.70156) (6.04238,2.70146) (6.02106,2.70123) (5.99974,2.70087) (5.97841,2.70039) (5.95709,2.69978) (5.93577,2.69903) (5.91445,2.69816) (5.89312,2.69714) (5.87180,2.69599) (5.85048,2.69469) (5.82915,2.69324) (5.80783,2.69165) (5.78651,2.68989) (5.76519,2.68798) (5.74387,2.68590) (5.72254,2.68366) (5.70122,2.68123) (5.67990,2.67862) (5.65858,2.67582) (5.63726,2.67282) (5.61594,2.66961) (5.59462,2.66618) (5.57329,2.66251) (5.55198,2.65860) (5.53066,2.65442) (5.50934,2.64996) (5.48802,2.64519) (5.46670,2.64008) (5.44539,2.63461) (5.42407,2.62872) (5.40276,2.62237) (5.38144,2.61548) (5.36013,2.60795) (5.33882,2.59963) (5.31752,2.59023) (5.29622,2.57881) (5.29289,2.57651) (5.29268,2.57635) (5.29210,2.57590) (5.29151,2.57541) (5.29093,2.57490) (5.29034,2.57433) (5.28976,2.57369) (5.28957,2.57346) (5.28939,2.57320) (5.28928,2.57305) (5.28920,2.57291) (5.28901,2.57256) (5.28886,2.57215) 

================== bra_hex_down ==================

(8.00110,0.00000) (8.00099,0.00023) (7.99490,0.01005) (7.99391,0.01158) (7.99292,0.01344) (7.99194,0.01487) (7.99095,0.01630) (7.98996,0.01773) (7.98799,0.02059) (7.98601,0.02343) (7.98403,0.02626) (7.98205,0.02909) (7.98008,0.03191) (7.97612,0.03754) (7.97217,0.04314) (7.96821,0.04871) (7.96425,0.05426) (7.96030,0.05978) (7.95238,0.07076) (7.94447,0.08164) (7.93655,0.09244) (7.92864,0.10314) (7.92072,0.11376) (7.90488,0.13475) (7.88903,0.15542) (7.87319,0.17578) (7.85734,0.19584) (7.84150,0.21563) (7.82563,0.23510) (7.80977,0.25434) (7.79390,0.27333) (7.77804,0.29207) (7.76217,0.31057) (7.74629,0.32882) (7.73040,0.34686) (7.71452,0.36469) (7.69864,0.38230) (7.68276,0.39972) (7.66686,0.41692) (7.65096,0.43394) (7.63507,0.45077) (7.61917,0.46741) (7.60328,0.48388) (7.58737,0.50016) (7.57146,0.51629) (7.55556,0.53224) (7.53965,0.54804) (7.52374,0.56367) (7.50783,0.57915) (7.49191,0.59448) (7.47600,0.60966) (7.46008,0.62469) (7.44416,0.63958) (7.42824,0.65433) (7.41232,0.66895) (7.39639,0.68343) (7.38047,0.69778) (7.36455,0.71201) (7.35380,0.72153) (7.34862,0.72610) (7.33269,0.74007) (7.31676,0.75392) (7.30083,0.76765) (7.28490,0.78126) (7.26896,0.79476) (7.25303,0.80814) (7.23709,0.82141) (7.22115,0.83457) (7.20522,0.84762) (7.18928,0.86056) (7.17334,0.87340) (7.15740,0.88614) (7.14145,0.89877) (7.12551,0.91130) (7.10957,0.92373) (7.09362,0.93607) (7.07768,0.94830) (7.06944,0.95459) (7.06173,0.96044) (7.04579,0.97249) (7.02984,0.98444) (7.01389,0.99631) (6.99794,1.00808) (6.98199,1.01976) (6.96604,1.03135) (6.95009,1.04286) (6.93413,1.05428) (6.91818,1.06561) (6.90223,1.07686) (6.88627,1.08803) (6.87032,1.09911) (6.85436,1.11011) (6.83840,1.12103) (6.82245,1.13187) (6.80649,1.14263) (6.79053,1.15331) (6.77457,1.16391) (6.75861,1.17444) (6.74265,1.18489) (6.72670,1.19526) (6.71073,1.20556) (6.69477,1.21578) (6.67881,1.22593) (6.66285,1.23601) (6.64689,1.24601) (6.63092,1.25594) (6.61496,1.26581) (6.59899,1.27559) (6.58303,1.28531) (6.56706,1.29496) (6.55110,1.30454) (6.53513,1.31405) (6.51916,1.32350) (6.50319,1.33287) (6.48723,1.34218) (6.47126,1.35142) (6.45529,1.36059) (6.43932,1.36970) (6.42335,1.37874) (6.40738,1.38772) (6.39141,1.39663) (6.37544,1.40547) (6.35947,1.41426) (6.34350,1.42297) (6.32753,1.43163) (6.31155,1.44022) (6.29558,1.44875) (6.27961,1.45721) (6.26364,1.46561) (6.24766,1.47395) (6.23169,1.48223) (6.21571,1.49045) (6.19974,1.49861) (6.18376,1.50670) (6.16779,1.51473) (6.15181,1.52271) (6.13584,1.53062) (6.11986,1.53847) (6.10388,1.54626) (6.08791,1.55399) (6.07193,1.56167) (6.05595,1.56928) (6.03997,1.57683) (6.02400,1.58433) (6.00802,1.59176) (5.99204,1.59914) (5.97606,1.60646) (5.96008,1.61371) (5.94410,1.62092) (5.92812,1.62806) (5.91214,1.63514) (5.89616,1.64217) (5.88018,1.64913) (5.86420,1.65604) (5.84822,1.66289) (5.83223,1.66968) (5.81625,1.67642) (5.80027,1.68310) (5.78429,1.68971) (5.76831,1.69628) (5.75232,1.70278) (5.73634,1.70922) (5.72036,1.71561) (5.70437,1.72194) (5.68839,1.72821) (5.67241,1.73443) (5.65642,1.74058) (5.64044,1.74668) (5.62445,1.75272) (5.60847,1.75871) (5.59248,1.76463) (5.57650,1.77050) (5.56051,1.77631) (5.54452,1.78206) (5.52854,1.78775) (5.51255,1.79338) (5.49657,1.79895) (5.48058,1.80447) (5.46459,1.80993) (5.44861,1.81532) (5.43262,1.82066) (5.41663,1.82594) (5.40064,1.83116) (5.38465,1.83632) (5.36867,1.84142) (5.35268,1.84646) (5.33669,1.85144) (5.32070,1.85636) (5.30471,1.86122) (5.28872,1.86602) (5.27273,1.87075) (5.25674,1.87543) (5.24075,1.88004) (5.22476,1.88459) (5.20878,1.88908) (5.19278,1.89351) (5.17679,1.89787) (5.16080,1.90217) (5.14481,1.90641) (5.12882,1.91058) (5.11283,1.91469) (5.09684,1.91873) (5.08085,1.92271) (5.06486,1.92662) (5.04887,1.93046) (5.03287,1.93424) (5.01688,1.93795) (5.00089,1.94159) (4.98490,1.94517) (4.96891,1.94868) (4.95291,1.95211) (4.93692,1.95548) (4.92093,1.95877) (4.90494,1.96200) (4.88894,1.96515) (4.87295,1.96823) (4.85696,1.97123) (4.84096,1.97416) (4.82497,1.97702) (4.80898,1.97980) (4.79298,1.98250) (4.77699,1.98513) (4.76099,1.98767) (4.74500,1.99014) (4.72901,1.99252) (4.71301,1.99483) (4.69702,1.99705) (4.68102,1.99918) (4.66503,2.00123) (4.64903,2.00319) (4.63304,2.00506) (4.61704,2.00685) (4.60105,2.00854) (4.58505,2.01014) (4.56906,2.01164) (4.55306,2.01304) (4.53707,2.01435) (4.52107,2.01555) (4.50508,2.01665) (4.48908,2.01765) (4.47309,2.01853) (4.45709,2.01931) (4.44110,2.01997) (4.42510,2.02051) (4.40911,2.02093) (4.39311,2.02123) (4.37712,2.02139) (4.36112,2.02143) (4.34513,2.02132) (4.32913,2.02108) (4.31314,2.02068) (4.29714,2.02013) (4.28115,2.01941) (4.26515,2.01853) (4.24916,2.01746) (4.23316,2.01621) (4.21717,2.01475) (4.20118,2.01308) (4.18518,2.01118) (4.16919,2.00904) (4.15320,2.00662) (4.13721,2.00390) (4.12121,2.00086) (4.10522,1.99745) (4.08923,1.99361) (4.07324,1.98928) (4.05726,1.98435) (4.04127,1.97866) (4.02529,1.97190) (4.02263,1.97061) (4.01997,1.96924) (4.01891,1.96866) (4.01732,1.96769) (4.01688,1.96739) (4.01645,1.96704) (4.01604,1.96659) 