================== brainit ==================

(7.90000,0.00000) (7.90100,0.00000) (7.91100,0.00000) (7.93100,0.00000) (7.95100,0.00000) (7.97100,0.00000) (7.99100,0.00000) (8.00360,0.00000) (8.01100,0.00000) (8.03100,0.00000) (8.05100,0.00000) (8.07100,0.00000) (8.09100,0.00000) (8.11100,0.00000) (8.13100,0.00000) (8.15100,0.00000) 

================== bra_squ ==================

(8.00360,0.00000) (8.00359,0.00281) (7.99848,0.12533) (7.98319,0.25086) (7.95762,0.37676) (7.92172,0.50317) (7.87534,0.63023) (7.85572,0.67694) (7.83610,0.72065) (7.81648,0.76189) (7.79686,0.80104) (7.77724,0.83839) (7.75745,0.87445) (7.74770,0.89170) (7.73767,0.90910) (7.71789,0.94247) (7.69811,0.97472) (7.67833,1.00595) (7.65849,1.03633) (7.63864,1.06585) (7.61880,1.09457) (7.59895,1.12256) (7.57910,1.14986) (7.55922,1.17656) (7.53934,1.20267) (7.51946,1.22821) (7.49958,1.25321) (7.47970,1.27771) (7.45980,1.30176) (7.43989,1.32536) (7.41999,1.34853) (7.40008,1.37128) (7.38018,1.39364) (7.36026,1.41564) (7.34034,1.43729) (7.32042,1.45858) (7.30051,1.47955) (7.28059,1.50019) (7.26066,1.52053) (7.24073,1.54058) (7.22079,1.56034) (7.20086,1.57982) (7.19014,1.59018) (7.18093,1.59902) (7.16099,1.61798) (7.14105,1.63668) (7.12111,1.65513) (7.10118,1.67335) (7.08124,1.69133) (7.06129,1.70908) (7.04134,1.72662) (7.02140,1.74394) (7.00145,1.76105) (6.98150,1.77796) (6.96155,1.79466) (6.94160,1.81117) (6.92165,1.82748) (6.90169,1.84361) (6.88174,1.85955) (6.86178,1.87531) (6.84183,1.89089) (6.82187,1.90630) (6.80191,1.92153) (6.78195,1.93660) (6.76199,1.95150) (6.74203,1.96624) (6.72207,1.98081) (6.70211,1.99523) (6.68214,2.00950) (6.66218,2.02360) (6.64221,2.03756) (6.62225,2.05137) (6.60228,2.06503) (6.58232,2.07854) (6.56235,2.09191) (6.54238,2.10514) (6.52241,2.11822) (6.50244,2.13117) (6.48247,2.14398) (6.46250,2.15665) (6.44253,2.16919) (6.42256,2.18159) (6.40259,2.19386) (6.38262,2.20600) (6.36264,2.21801) (6.34267,2.22989) (6.32270,2.24164) (6.30272,2.25326) (6.28275,2.26476) (6.26277,2.27613) (6.24279,2.28738) (6.22282,2.29850) (6.20284,2.30950) (6.18287,2.32038) (6.16289,2.33113) (6.14291,2.34177) (6.12293,2.35228) (6.10295,2.36267) (6.08297,2.37294) (6.06299,2.38310) (6.04301,2.39313) (6.02303,2.40305) (6.00305,2.41285) (5.98307,2.42253) (5.96309,2.43209) (5.94311,2.44154) (5.92312,2.45087) (5.90314,2.46008) (5.88316,2.46917) (5.86318,2.47815) (5.84319,2.48701) (5.82321,2.49576) (5.80322,2.50439) (5.78324,2.51290) (5.76326,2.52130) (5.74327,2.52958) (5.72328,2.53774) (5.70330,2.54579) (5.68331,2.55372) (5.66333,2.56153) (5.64334,2.56922) (5.62335,2.57680) (5.60337,2.58426) (5.58338,2.59160) (5.56339,2.59882) (5.54340,2.60592) (5.52342,2.61290) (5.50343,2.61976) (5.48344,2.62650) (5.46345,2.63312) (5.44346,2.63962) (5.42347,2.64599) (5.40348,2.65224) (5.38349,2.65837) (5.36350,2.66437) (5.34351,2.67025) (5.32352,2.67600) (5.30353,2.68162) (5.28354,2.68711) (5.26355,2.69247) (5.24356,2.69770) (5.22357,2.70280) (5.20358,2.70777) (5.18359,2.71260) (5.16359,2.71729) (5.14360,2.72185) (5.12361,2.72626) (5.10362,2.73054) (5.08362,2.73467) (5.06363,2.73866) (5.04364,2.74250) (5.02365,2.74619) (5.00365,2.74973) (4.98366,2.75311) (4.96367,2.75634) (4.94367,2.75941) (4.92368,2.76232) (4.90368,2.76506) (4.88369,2.76764) (4.86370,2.77004) (4.84370,2.77227) (4.82371,2.77432) (4.80371,2.77619) (4.78372,2.77787) (4.76373,2.77936) (4.74373,2.78064) (4.72374,2.78173) (4.70374,2.78260) (4.68375,2.78326) (4.66375,2.78369) (4.64376,2.78390) (4.62377,2.78386) (4.60377,2.78357) (4.58378,2.78302) (4.56378,2.78220) (4.54379,2.78109) (4.52380,2.77967) (4.50380,2.77794) (4.48381,2.77587) (4.46382,2.77344) (4.44382,2.77061) (4.42383,2.76736) (4.40384,2.76365) (4.38385,2.75943) (4.36386,2.75464) (4.34387,2.74920) (4.32388,2.74301) (4.30389,2.73591) (4.28390,2.72769) (4.26393,2.71800) (4.24395,2.70617) (4.23855,2.70245) (4.22400,2.69077) (4.22068,2.68765) (4.21736,2.68431) (4.21404,2.68070) (4.21073,2.67679) (4.20743,2.67256) (4.20414,2.66791) (4.20218,2.66494) (4.20084,2.66279) (4.19760,2.65715) (4.19435,2.65062) (4.19111,2.64206) (4.19060,2.64021) (4.19009,2.63795) (4.18962,2.63481) 

================== bra_sec_squ ==================

(7.19014,1.59018) (7.18988,1.59711) (7.18909,1.61766) (7.18766,1.65124) (7.18542,1.69695) (7.18218,1.75366) (7.17322,1.87705) (7.16040,2.01075) (7.14384,2.14607) (7.12818,2.25191) (7.11253,2.34381) (7.09687,2.42562) (7.07893,2.50994) (7.06099,2.58631) (7.04305,2.65622) (7.02511,2.72074) (7.00717,2.78062) (6.98804,2.84004) (6.96892,2.89543) (6.94980,2.94723) (6.93067,2.99579) (6.91155,3.04140) (6.89202,3.08518) (6.87249,3.12636) (6.85296,3.16511) (6.83343,3.20160) (6.81389,3.23598) (6.79417,3.26868) (6.77445,3.29948) (6.75473,3.32849) (6.73502,3.35582) (6.71530,3.38156) (6.69548,3.40591) (6.67566,3.42884) (6.65584,3.45042) (6.63602,3.47072) (6.61620,3.48983) (6.59632,3.50785) (6.57644,3.52480) (6.55657,3.54074) (6.53669,3.55573) (6.51682,3.56982) (6.49691,3.58308) (6.47700,3.59554) (6.45710,3.60724) (6.43719,3.61823) (6.41728,3.62855) (6.39735,3.63824) (6.37743,3.64733) (6.35750,3.65585) (6.33757,3.66384) (6.31765,3.67131) (6.29771,3.67831) (6.27777,3.68484) (6.25783,3.69094) (6.23789,3.69663) (6.21795,3.70192) (6.19800,3.70683) (6.17806,3.71139) (6.15811,3.71560) (6.13816,3.71948) (6.11821,3.72305) (6.09826,3.72632) (6.07830,3.72930) (6.05835,3.73199) (6.03840,3.73442) (6.01844,3.73659) (5.99848,3.73850) (5.97853,3.74017) (5.95857,3.74161) (5.93861,3.74281) (5.91865,3.74379) (5.89869,3.74455) (5.87873,3.74509) (5.85876,3.74543) (5.83880,3.74556) (5.81884,3.74549) (5.79888,3.74522) (5.77891,3.74475) (5.75895,3.74409) (5.73898,3.74324) (5.71902,3.74220) (5.69905,3.74096) (5.67908,3.73954) (5.65911,3.73793) (5.63915,3.73614) (5.61918,3.73415) (5.59921,3.73197) (5.57924,3.72960) (5.55927,3.72704) (5.53931,3.72428) (5.51934,3.72132) (5.49937,3.71816) (5.47940,3.71479) (5.45943,3.71121) (5.43946,3.70741) (5.41949,3.70337) (5.39952,3.69911) (5.37955,3.69459) (5.35958,3.68982) (5.33961,3.68477) (5.31964,3.67942) (5.29967,3.67377) (5.27970,3.66777) (5.25974,3.66139) (5.23977,3.65459) (5.21980,3.64731) (5.19983,3.63946) (5.17987,3.63094) (5.15991,3.62155) (5.13996,3.61104) (5.12002,3.59896) (5.10012,3.58464) (5.08030,3.56655) (5.07702,3.56277) (5.07375,3.55843) (5.07047,3.55289) (5.06994,3.55173) (5.06940,3.55040) (5.06887,3.54878) (5.06837,3.54649) 