================== constant_init ==================

(-1.00000,14.00000) (14.00000,14.00000) (14.00000,14.00000) (14.00000,16.00000) (16.00000,16.00000) (16.00000,16.00000) (16.00000,16.00000) (16.00000,16.00000) 

================== constant ==================

(16.00000,16.00000) (15.00000,15.00000) (15.00000,15.00000) (15.00000,15.00000) (15.00000,15.00000) (15.00000,15.00000) (15.00000,13.00000) (13.00000,13.00000) (13.00000,13.00000) (13.00000,13.00000) (13.00000,13.00000) (13.00000,13.00000) (13.00000,13.00000) (13.00000,13.00000) (13.00000,13.00000) (13.00000,13.00000) (13.00000,13.00000) (13.00000,13.00000) (13.00000,13.00000) (13.00000,13.00000) (13.00000,13.00000) (13.00000,12.00000) (10.00000,10.00000) (10.00000,10.00000) (10.00000,10.00000) (10.00000,10.00000) (9.00000,9.00000) (9.00000,9.00000) (9.00000,9.00000) (9.00000,9.00000) (9.00000,9.00000) (9.00000,9.00000) (9.00000,9.00000) (9.00000,9.00000) (9.00000,9.00000) (9.00000,9.00000) (9.00000,9.00000) (9.00000,9.00000) (9.00000,9.00000) (9.00000,9.00000) (9.00000,9.00000) (9.00000,9.00000) (9.00000,9.00000) (9.00000,9.00000) (9.00000,9.00000) (9.00000,9.00000) (9.00000,9.00000) (9.00000,9.00000) (9.00000,9.00000) (8.00000,8.00000) (8.00000,8.00000) (8.00000,8.00000) (8.00000,8.00000) (8.00000,8.00000) (8.00000,8.00000) (8.00000,8.00000) (8.00000,8.00000) (8.00000,8.00000) (8.00000,8.00000) (8.00000,8.00000) (8.00000,8.00000) (8.00000,8.00000) (8.00000,8.00000) (8.00000,8.00000) (8.00000,8.00000) (8.00000,8.00000) (8.00000,8.00000) (8.00000,8.00000) (8.00000,8.00000) (8.00000,8.00000) (8.00000,8.00000) (8.00000,8.00000) (8.00000,8.00000) (8.00000,8.00000) (8.00000,8.00000) (8.00000,8.00000) (8.00000,8.00000) (8.00000,8.00000) (8.00000,8.00000) (8.00000,8.00000) (8.00000,8.00000) (8.00000,8.00000) (8.00000,8.00000) (8.00000,8.00000) (8.00000,8.00000) (8.00000,8.00000) (8.00000,8.00000) (8.00000,8.00000) (8.00000,8.00000) (8.00000,8.00000) (8.00000,8.00000) (8.00000,8.00000) (8.00000,8.00000) (8.00000,8.00000) (8.00000,8.00000) (8.00000,10.00000) (10.00000,10.00000) (10.00000,10.00000) (10.00000,10.00000) (10.00000,10.00000) (11.00000,11.00000) (11.00000,11.00000) (11.00000,11.00000) (11.00000,

================== constant_sec ==================

(13.00000,13.00000) (12.00000,11.00000) (10.00000,10.00000) (12.00000,12.00000) (12.00000,12.00000) (12.00000,12.00000) (12.00000,12.00000) (12.00000,12.00000) (12.00000,12.00000) (12.00000,12.00000) (12.00000,12.00000) (12.00000,12.00000) (12.00000,12.00000) (12.00000,12.00000) (12.00000,12.00000) (12.00000,12.00000) (14.00000,13.00000) (13.00000,13.00000) (13.00000,13.00000) (13.00000,13.00000) (12.00000,12.00000) (11.00000,11.00000) (11.00000,11.00000) (11.00000,11.00000) (11.00000,11.00000) (11.00000,11.00000) (11.00000,11.00000) (11.00000,11.00000) (11.00000,11.00000) (11.00000,11.00000) (11.00000,11.00000) (11.00000,11.00000) (10.00000,10.00000) (10.00000,10.00000) (10.00000,10.00000) (10.00000,10.00000) (10.00000,10.00000) (10.00000,10.00000) (10.00000,10.00000) (10.00000,10.00000) (10.00000,10.00000) (10.00000,10.00000) (10.00000,10.00000) (10.00000,10.00000) (10.00000,10.00000) (10.00000,10.00000) (10.00000,10.00000) (10.00000,10.00000) (10.00000,10.00000) (10.00000,10.00000) (10.00000,10.00000) (10.00000,10.00000) (10.00000,10.00000) (10.00000,10.00000) (10.00000,10.00000) (10.00000,10.00000) (10.00000,11.00000) (11.00000,14.00000) (14.00000,14.00000) (14.00000,14.00000) (14.00000,