================== l2norm_init ==================

(0.00000,0.00000) (0.00000,0.00000) (0.00000,0.00000) (0.00000,0.00000) (0.00000,0.00000) (0.00000,0.00000) (0.00000,0.00000) (0.00000,0.00000) 

================== l2norm ==================

(0.00000,0.00000) (0.00000,0.00000) (0.00000,0.00000) (0.00000,0.00000) (0.00000,0.00000) (0.00000,0.00000) (0.00000,0.00000) (0.00000,0.00000) (0.00000,0.00000) (0.00000,0.00000) (0.00000,0.00000) (0.00000,0.00000) (0.00000,0.00000) (0.00000,0.00000) (0.00000,0.00000) (0.00000,0.00000) (0.00000,0.00000) (0.00000,0.00000) (0.00000,0.00000) (0.00000,0.00000) (0.00000,0.00000) (0.00000,0.00000) (0.00000,0.00000) (0.00000,0.00000) (0.00000,0.00000) (0.00000,0.00000) (0.00000,0.00000) (0.00000,0.00000) (0.00000,0.00000) (0.00000,0.00000) (0.00000,0.00000) (0.00000,0.00000) (0.00000,0.00000) (0.00000,0.00000) (0.00000,0.00000) (0.00000,0.00000) (0.00000,0.00000) (0.00000,0.00000) (0.00000,0.00000) (0.00000,0.00000) (0.00000,0.00000) (0.00000,0.00000) (0.00000,0.00000) (0.00000,0.00000) (0.00000,0.00000) (0.00000,0.00000) (0.00000,0.00000) (0.00000,0.00000) (0.00000,0.00000) (0.00000,0.00000) (0.00000,0.00000) (0.00000,0.00000) (0.00000,0.00000) (0.00000,0.00000) (0.00000,0.00000) (0.00000,0.00000) (0.00000,0.00000) (0.00000,0.00000) (0.00000,0.00000) (0.00000,0.00000) (0.00000,0.00000) (0.00000,0.00000) (0.00000,0.00000) (0.00000,0.00000) (0.00000,0.00000) (0.00000,0.00000) (0.00000,0.00000) (0.00000,0.00000) (0.00000,0.00000) (0.00000,0.00000) (0.00000,0.00000) (0.00000,0.00000) (0.00000,0.00000) (0.00000,0.00000) (0.00000,0.00000) (0.00000,0.00000) (0.00000,0.00000) (0.00000,0.00000) (0.00000,0.00000) (0.00000,0.00000) (0.00000,0.00000) (0.00000,0.00000) (0.00000,0.00000) (0.00000,0.00000) (0.00000,0.00000) (0.00000,0.00000) (0.00000,0.00000) (0.00000,0.00000) (0.00000,0.00000) (0.00000,0.00000) (0.00000,0.00000) (0.00000,0.00000) (0.00000,0.00000) (0.00000,0.00000) (0.00000,0.00000) (0.00000,0.00000) (0.00000,0.00000) (0.00000,0.00000) (0.00000,0.00000) (0.00000,0.00000) (0.00000,0.00000) (0.00000,0.00000) (0.00000,0.00000) (0.00000,

================== l2norm_sec ==================

(0.00000,0.00000) (0.00000,0.00000) (0.00000,0.00000) (0.00000,0.00000) (0.00000,0.00000) (0.00000,0.00000) (0.00000,0.00000) (0.00000,0.00000) (0.00000,0.00000) (0.00000,0.00000) (0.00000,0.00000) (0.00000,0.00000) (0.00000,0.00000) (0.00000,0.00000) (0.00000,0.00000) (0.00000,0.00000) (0.00000,0.00000) (0.00000,0.00000) (0.00000,0.00000) (0.00000,0.00000) (0.00000,0.00000) (0.00000,0.00000) (0.00000,0.00000) (0.00000,0.00000) (0.00000,0.00000) (0.00000,0.00000) (0.00000,0.00000) (0.00000,0.00000) (0.00000,0.00000) (0.00000,0.00000) (0.00000,0.00000) (0.00000,0.00000) (0.00000,0.00000) (0.00000,0.00000) (0.00000,0.00000) (0.00000,0.00000) (0.00000,0.00000) (0.00000,0.00000) (0.00000,0.00000) (0.00000,0.00000) (0.00000,0.00000) (0.00000,0.00000) (0.00000,0.00000) (0.00000,0.00000) (0.00000,0.00000) (0.00000,0.00000) (0.00000,0.00000) (0.00000,0.00000) (0.00000,0.00000) (0.00000,0.00000) (0.00000,0.00000) (0.00000,0.00000) (0.00000,0.00000) (0.00000,0.00000) (0.00000,0.00000) (0.00000,0.00000) (0.00000,0.00000) (0.00000,0.00000) (0.00000,0.00000) (0.00000,0.00000) (0.00000,