================== l2norm_init ==================

(0.00000,0.00000) (0.00000,0.00000) (0.00000,0.00000) (0.00000,0.00000) (0.00000,0.00000) (0.00000,0.00000) (0.00000,0.00000) (0.00000,0.00000) 

================== l2norm_up ==================

(0.00000,0.00000) (0.00000,0.00000) (0.00000,0.00000) (0.00000,0.00000) (0.00000,0.00000) (0.00000,0.00000) (0.00000,0.00000) (0.00000,0.00000) (0.00000,0.00000) (0.00000,0.00000) (0.00000,0.00000) (0.00000,0.00000) (0.00000,0.00000) (0.00000,0.00000) (0.00000,0.00000) (0.00000,0.00000) (0.00000,0.00000) (0.00000,0.00000) (0.00000,0.00000) (0.00000,0.00000) (0.00000,0.00000) (0.00000,0.00000) (0.00000,0.00000) (0.00000,0.00000) (0.00000,0.00000) (0.00000,0.00000) (0.00000,0.00000) (0.00000,0.00000) (0.00000,0.00000) (0.00000,0.00000) (0.00000,0.00000) (0.00000,0.00000) (0.00000,0.00000) (0.00000,0.00000) (0.00000,0.00000) (0.00000,0.00000) (0.00000,0.00000) (0.00000,0.00000) (0.00000,0.00000) (0.00000,0.00000) (0.00000,0.00000) (0.00000,0.00000) (0.00000,0.00000) (0.00000,0.00000) (0.00000,0.00000) (0.00000,0.00000) (0.00000,0.00000) (0.00000,0.00000) (0.00000,0.00000) (0.00000,0.00000) (0.00000,0.00000) (0.00000,0.00000) (0.00000,0.00000) (0.00000,0.00000) (0.00000,0.00000) (0.00000,0.00000) (0.00000,0.00000) (0.00000,0.00000) (0.00000,0.00000) (0.00000,0.00000) (0.00000,0.00000) (0.00000,0.00000) (0.00000,0.00000) (0.00000,0.00000) (0.00000,0.00000) (0.00000,0.00000) (0.00000,0.00000) (0.00000,0.00000) (0.00000,0.00000) (0.00000,0.00000) (0.00000,0.00000) (0.00000,0.00000) (0.00000,0.00000) (0.00000,0.00000) (0.00000,0.00000) (0.00000,0.00000) (0.00000,0.00000) (0.00000,0.00000) (0.00000,0.00000) (0.00000,0.00000) (0.00000,0.00000) (0.00000,0.00000) (0.00000,0.00000) (0.00000,0.00000) (0.00000,0.00000) (0.00000,0.00000) (0.00000,0.00000) (0.00000,0.00000) (0.00000,0.00000) (0.00000,0.00000) (0.00000,0.00000) (0.00000,0.00000) (0.00000,0.00000) (0.00000,0.00000) (0.00000,0.00000) (0.00000,0.00000) (0.00000,0.00000) (0.00000,0.00000) (0.00000,0.00000) (0.00000,0.00000) (0.00000,0.00000) (0.00000,0.00000) (0.00000,0.00000) (0.00000,0.00000) (0.00000,0.00000) (0.00000,0.00000) (0.00000,0.00000) (0.00000,0.00000) (0.00000,0.00000) (0.00000,0.00000) (0.00000,0.00000) (0.00000,0.00000) (0.00000,

================== l2norm_down ==================

(0.00000,0.00000) (0.00000,0.00000) (0.00000,0.00000) (0.00000,0.00000) (0.00000,0.00000) (0.00000,0.00000) (0.00000,0.00000) (0.00000,0.00000) (0.00000,0.00000) (0.00000,0.00000) (0.00000,0.00000) (0.00000,0.00000) (0.00000,0.00000) (0.00000,0.00000) (0.00000,0.00000) (0.00000,0.00000) (0.00000,0.00000) (0.00000,0.00000) (0.00000,0.00000) (0.00000,0.00000) (0.00000,0.00000) (0.00000,0.00000) (0.00000,0.00000) (0.00000,0.00000) (0.00000,0.00000) (0.00000,0.00000) (0.00000,0.00000) (0.00000,0.00000) (0.00000,0.00000) (0.00000,0.00000) (0.00000,0.00000) (0.00000,0.00000) (0.00000,0.00000) (0.00000,0.00000) (0.00000,0.00000) (0.00000,0.00000) (0.00000,0.00000) (0.00000,0.00000) (0.00000,0.00000) (0.00000,0.00000) (0.00000,0.00000) (0.00000,0.00000) (0.00000,0.00000) (0.00000,0.00000) (0.00000,0.00000) (0.00000,0.00000) (0.00000,0.00000) (0.00000,0.00000) (0.00000,0.00000) (0.00000,0.00000) (0.00000,0.00000) (0.00000,0.00000) (0.00000,0.00000) (0.00000,0.00000) (0.00000,0.00000) (0.00000,0.00000) (0.00000,0.00000) (0.00000,0.00000) (0.00000,0.00000) (0.00000,0.00000) (0.00000,0.00000) (0.00000,0.00000) (0.00000,0.00000) (0.00000,0.00000) (0.00000,0.00000) (0.00000,0.00000) (0.00000,0.00000) (0.00000,0.00000) (0.00000,0.00000) (0.00000,0.00000) (0.00000,0.00000) (0.00000,0.00000) (0.00000,0.00000) (0.00000,0.00000) (0.00000,0.00000) (0.00000,0.00000) (0.00000,0.00000) (0.00000,0.00000) (0.00000,0.00000) (0.00000,0.00000) (0.00000,0.00000) (0.00000,0.00000) (0.00000,0.00000) (0.00000,0.00000) (0.00000,0.00000) (0.00000,0.00000) (0.00000,0.00000) (0.00000,0.00000) (0.00000,0.00000) (0.00000,0.00000) (0.00000,0.00000) (0.00000,0.00000) (0.00000,0.00000) (0.00000,0.00000) (0.00000,0.00000) (0.00000,0.00000) (0.00000,0.00000) (0.00000,0.00000) (0.00000,0.00000) (0.00000,0.00000) (0.00000,0.00000) (0.00000,0.00000) (0.00000,0.00000) (0.00000,0.00000) (0.00000,0.00000) (0.00000,0.00000) (0.00000,0.00000) (0.00000,0.00000) (0.00000,0.00000) (0.00000,0.00000) (0.00000,0.00000) (0.00000,0.00000) (0.00000,0.00000) (0.00000,0.00000) (0.00000,0.00000) (0.00000,0.00000) (0.00000,0.00000) (0.00000,0.00000) (0.00000,0.00000) (0.00000,0.00000) (0.00000,0.00000) (0.00000,0.00000) (0.00000,0.00000) (0.00000,0.00000) (0.00000,0.00000) (0.00000,0.00000) (0.00000,0.00000) (0.00000,0.00000) (0.00000,0.00000) (0.00000,0.00000) (0.00000,0.00000) (0.00000,0.00000) (0.00000,0.00000) (0.00000,0.00000) (0.00000,0.00000) (0.00000,0.00000) (0.00000,0.00000) (0.00000,0.00000) 