================== min_init ==================

(7.80000,7.80100) (7.81100,7.83100) (7.85100,7.87100) (7.89100,7.91100) (7.93100,7.95100) (7.97100,7.99100) (8.00110,8.01100) (8.03100,8.05100) 

================== min_up ==================

(8.00110,8.00135) (8.00908,8.01006) (8.01105,8.01204) (8.01303,8.01401) (8.01599,8.01797) (8.01994,8.02192) (8.02389,8.02784) (8.03179,8.03575) (8.03970,8.04365) (8.05155,8.05944) (8.06734,8.07524) (8.08313,8.09891) (8.11468,8.13045) (8.14622,8.16199) (8.17770,8.19340) (8.20911,8.22482) (8.24052,8.25611) (8.27170,8.28729) (8.30288,8.31847) (8.33379,8.34911) (8.36443,8.37975) (8.39507,8.40900) (8.41110,8.41319) (8.41529,8.41739) (8.41948,8.42244) (8.42325,8.42325) (8.42223,8.42211) (8.41802,8.41678) (8.41464,8.41127) (8.40789,8.40352) (8.39914,8.39477) (8.39040,8.38603) (8.37625,8.36648) (8.35670,8.34692) (8.33715,8.31657) (8.29599,8.27541) (8.25483,8.23426) (8.21323,8.19220) (8.17118,8.15015) (8.12912,8.10796) (8.08681,8.06565) (8.04449,8.02333) (8.00212,7.98090) (7.95968,7.93847) (7.91725,7.89600) (7.87475,7.85350) (7.83225,7.81101) (7.78974,7.76847) (7.74720,7.72593) (7.70466,7.68338) (7.66210,7.64082) (7.61954,7.59825) (7.57696,7.55567) (7.53438,7.51309) (7.49180,7.47050) (7.44920,7.42790) (7.40661,7.38531) (7.36400,7.34270) (7.32140,7.30010) (7.27879,7.25748) (7.23618,7.21487) (7.19356,7.17226) (7.15095,7.12963) (7.10832,7.08701) (7.06570,7.04439) (7.02308,7.00176) (6.98045,6.95914) (6.93782,6.91651) (6.89519,6.87388) (6.85256,6.83124) (6.80993,6.78861) (6.76729,6.74598) (6.72466,6.70334) (6.68202,6.66070) (6.63938,6.61806) (6.59674,6.57543) (6.55411,6.53279) (6.51147,6.49014) (6.46882,6.44750) (6.42618,6.40486) (6.38354,6.36222) (6.34090,6.31957) (6.29825,6.27693) (6.25561,6.23429) (6.21296,6.19164) (6.17032,6.14900) (6.12767,6.10635) (6.08503,6.06371) (6.04238,6.02106) (5.99974,5.97841) (5.95709,5.93577) (5.91445,5.89312) (5.87180,5.85048) (5.82915,5.80783) (5.78651,5.76519) (5.74387,5.72254) (5.70122,5.67990) (5.65858,5.63726) (5.61594,5.59462) (5.57329,5.55198) (5.53066,5.50934) (5.48802,5.46670) (5.44539,5.42407) (5.40276,5.38144) (5.36013,5.33882) (5.31752,5.29622) (5.29289,5.29268) (5.29210,5.29151) (5.29093,5.29034) (5.28976,5.28957) (5.28939,5.28928) (5.28920,5.28901) (5.28886,

================== min_down ==================

(8.00110,8.00099) (7.99490,7.99391) (7.99292,7.99194) (7.99095,7.98996) (7.98799,7.98601) (7.98403,7.98205) (7.98008,7.97612) (7.97217,7.96821) (7.96425,7.96030) (7.95238,7.94447) (7.93655,7.92864) (7.92072,7.90488) (7.88903,7.87319) (7.85734,7.84150) (7.82563,7.80977) (7.79390,7.77804) (7.76217,7.74629) (7.73040,7.71452) (7.69864,7.68276) (7.66686,7.65096) (7.63507,7.61917) (7.60328,7.58737) (7.57146,7.55556) (7.53965,7.52374) (7.50783,7.49191) (7.47600,7.46008) (7.44416,7.42824) (7.41232,7.39639) (7.38047,7.36455) (7.35380,7.34862) (7.33269,7.31676) (7.30083,7.28490) (7.26896,7.25303) (7.23709,7.22115) (7.20522,7.18928) (7.17334,7.15740) (7.14145,7.12551) (7.10957,7.09362) (7.07768,7.06944) (7.06173,7.04579) (7.02984,7.01389) (6.99794,6.98199) (6.96604,6.95009) (6.93413,6.91818) (6.90223,6.88627) (6.87032,6.85436) (6.83840,6.82245) (6.80649,6.79053) (6.77457,6.75861) (6.74265,6.72670) (6.71073,6.69477) (6.67881,6.66285) (6.64689,6.63092) (6.61496,6.59899) (6.58303,6.56706) (6.55110,6.53513) (6.51916,6.50319) (6.48723,6.47126) (6.45529,6.43932) (6.42335,6.40738) (6.39141,6.37544) (6.35947,6.34350) (6.32753,6.31155) (6.29558,6.27961) (6.26364,6.24766) (6.23169,6.21571) (6.19974,6.18376) (6.16779,6.15181) (6.13584,6.11986) (6.10388,6.08791) (6.07193,6.05595) (6.03997,6.02400) (6.00802,5.99204) (5.97606,5.96008) (5.94410,5.92812) (5.91214,5.89616) (5.88018,5.86420) (5.84822,5.83223) (5.81625,5.80027) (5.78429,5.76831) (5.75232,5.73634) (5.72036,5.70437) (5.68839,5.67241) (5.65642,5.64044) (5.62445,5.60847) (5.59248,5.57650) (5.56051,5.54452) (5.52854,5.51255) (5.49657,5.48058) (5.46459,5.44861) (5.43262,5.41663) (5.40064,5.38465) (5.36867,5.35268) (5.33669,5.32070) (5.30471,5.28872) (5.27273,5.25674) (5.24075,5.22476) (5.20878,5.19278) (5.17679,5.16080) (5.14481,5.12882) (5.11283,5.09684) (5.08085,5.06486) (5.04887,5.03287) (5.01688,5.00089) (4.98490,4.96891) (4.95291,4.93692) (4.92093,4.90494) (4.88894,4.87295) (4.85696,4.84096) (4.82497,4.80898) (4.79298,4.77699) (4.76099,4.74500) (4.72901,4.71301) (4.69702,4.68102) (4.66503,4.64903) (4.63304,4.61704) (4.60105,4.58505) (4.56906,4.55306) (4.53707,4.52107) (4.50508,4.48908) (4.47309,4.45709) (4.44110,4.42510) (4.40911,4.39311) (4.37712,4.36112) (4.34513,4.32913) (4.31314,4.29714) (4.28115,4.26515) (4.24916,4.23316) (4.21717,4.20118) (4.18518,4.16919) (4.15320,4.13721) (4.12121,4.10522) (4.08923,4.07324) (4.05726,4.04127) (4.02529,4.02263) (4.01997,4.01891) (4.01732,4.01688) (4.01645,4.01604) 