================== min_init ==================

(7.90000,7.90100) (7.91100,7.93100) (7.95100,7.97100) (7.99100,8.00360) (8.01100,8.03100) (8.05100,8.07100) (8.09100,8.11100) (8.13100,8.15100) 

================== min ==================

(8.00360,8.00359) (7.99848,7.98319) (7.95762,7.92172) (7.87534,7.85572) (7.83610,7.81648) (7.79686,7.77724) (7.75745,7.74770) (7.73767,7.71789) (7.69811,7.67833) (7.65849,7.63864) (7.61880,7.59895) (7.57910,7.55922) (7.53934,7.51946) (7.49958,7.47970) (7.45980,7.43989) (7.41999,7.40008) (7.38018,7.36026) (7.34034,7.32042) (7.30051,7.28059) (7.26066,7.24073) (7.22079,7.20086) (7.19014,7.18093) (7.16099,7.14105) (7.12111,7.10118) (7.08124,7.06129) (7.04134,7.02140) (7.00145,6.98150) (6.96155,6.94160) (6.92165,6.90169) (6.88174,6.86178) (6.84183,6.82187) (6.80191,6.78195) (6.76199,6.74203) (6.72207,6.70211) (6.68214,6.66218) (6.64221,6.62225) (6.60228,6.58232) (6.56235,6.54238) (6.52241,6.50244) (6.48247,6.46250) (6.44253,6.42256) (6.40259,6.38262) (6.36264,6.34267) (6.32270,6.30272) (6.28275,6.26277) (6.24279,6.22282) (6.20284,6.18287) (6.16289,6.14291) (6.12293,6.10295) (6.08297,6.06299) (6.04301,6.02303) (6.00305,5.98307) (5.96309,5.94311) (5.92312,5.90314) (5.88316,5.86318) (5.84319,5.82321) (5.80322,5.78324) (5.76326,5.74327) (5.72328,5.70330) (5.68331,5.66333) (5.64334,5.62335) (5.60337,5.58338) (5.56339,5.54340) (5.52342,5.50343) (5.48344,5.46345) (5.44346,5.42347) (5.40348,5.38349) (5.36350,5.34351) (5.32352,5.30353) (5.28354,5.26355) (5.24356,5.22357) (5.20358,5.18359) (5.16359,5.14360) (5.12361,5.10362) (5.08362,5.06363) (5.04364,5.02365) (5.00365,4.98366) (4.96367,4.94367) (4.92368,4.90368) (4.88369,4.86370) (4.84370,4.82371) (4.80371,4.78372) (4.76373,4.74373) (4.72374,4.70374) (4.68375,4.66375) (4.64376,4.62377) (4.60377,4.58378) (4.56378,4.54379) (4.52380,4.50380) (4.48381,4.46382) (4.44382,4.42383) (4.40384,4.38385) (4.36386,4.34387) (4.32388,4.30389) (4.28390,4.26393) (4.24395,4.23855) (4.22400,4.22068) (4.21736,4.21404) (4.21073,4.20743) (4.20414,4.20218) (4.20084,4.19760) (4.19435,4.19111) (4.19060,4.19009) (4.18962,

================== min_sec ==================

(7.19014,7.18988) (7.18909,7.18766) (7.18542,7.18218) (7.17322,7.16040) (7.14384,7.12818) (7.11253,7.09687) (7.07893,7.06099) (7.04305,7.02511) (7.00717,6.98804) (6.96892,6.94980) (6.93067,6.91155) (6.89202,6.87249) (6.85296,6.83343) (6.81389,6.79417) (6.77445,6.75473) (6.73502,6.71530) (6.69548,6.67566) (6.65584,6.63602) (6.61620,6.59632) (6.57644,6.55657) (6.53669,6.51682) (6.49691,6.47700) (6.45710,6.43719) (6.41728,6.39735) (6.37743,6.35750) (6.33757,6.31765) (6.29771,6.27777) (6.25783,6.23789) (6.21795,6.19800) (6.17806,6.15811) (6.13816,6.11821) (6.09826,6.07830) (6.05835,6.03840) (6.01844,5.99848) (5.97853,5.95857) (5.93861,5.91865) (5.89869,5.87873) (5.85876,5.83880) (5.81884,5.79888) (5.77891,5.75895) (5.73898,5.71902) (5.69905,5.67908) (5.65911,5.63915) (5.61918,5.59921) (5.57924,5.55927) (5.53931,5.51934) (5.49937,5.47940) (5.45943,5.43946) (5.41949,5.39952) (5.37955,5.35958) (5.33961,5.31964) (5.29967,5.27970) (5.25974,5.23977) (5.21980,5.19983) (5.17987,5.15991) (5.13996,5.12002) (5.10012,5.08030) (5.07702,5.07375) (5.07047,5.06994) (5.06940,5.06887) (5.06837,